wobj0 =
-5.061603355968784967e+01 -2.786335144338031569e+02 7.676049857323961589e+01 2.600872585579531646e-02 9.995111257502048430e-01 1.417481586970195662e-02 1.000651167870571061e-02

wobj2 =
-4.233992596790022844e+01 -2.725223669914847733e+02 6.979192232086155911e+01 1.991642278093114574e-02 9.997371656609981283e-01 1.135382820103613896e-02 1.621262069713417977e-04

wobj3 =
-2.551882189040951587e+01 -2.831246483014299429e+02 6.788524252243168178e+01 1.526019369659863990e-02 9.994778761928251321e-01 2.841511753428629591e-02 -1.919006236183580733e-03

wobj4 =
-1.358603499046407848e+01 -2.703885427259885432e+02 5.749991236827641927e+01 1.495130810941686927e-01 9.885045485655657993e-01 -1.476722855965601757e-03 2.241462327415503011e-02

