wobj1 =
-8.929010243184910678e+01 -2.930426162099337830e+02 8.926238526439809107e+01 2.227104475727641197e-02 9.988579627776577041e-01 -4.111885555214483262e-02 -9.798493719380305458e-03

wobj1 =
-8.929010243184910678e+01 -2.930426162099337830e+02 8.926238526439809107e+01 2.227104475727641197e-02 9.988579627776577041e-01 -4.111885555214483262e-02 -9.798493719380305458e-03

wobj1 =
-8.929010243184910678e+01 -2.930426162099337830e+02 8.926238526439809107e+01 2.227104475727641197e-02 9.988579627776577041e-01 -4.111885555214483262e-02 -9.798493719380305458e-03

wobj1 =
-8.929010243184910678e+01 -2.930426162099337830e+02 8.926238526439809107e+01 2.227104475727641197e-02 9.988579627776577041e-01 -4.111885555214483262e-02 -9.798493719380305458e-03

wobj1 =
-8.929010243184910678e+01 -2.930426162099337830e+02 8.926238526439809107e+01 2.227104475727641197e-02 9.988579627776577041e-01 -4.111885555214483262e-02 -9.798493719380305458e-03

wobj1 =
-8.929010243184910678e+01 -2.930426162099337830e+02 8.926238526439809107e+01 2.227104475727641197e-02 9.988579627776577041e-01 -4.111885555214483262e-02 -9.798493719380305458e-03

wobj1 =
-8.929010243184910678e+01 -2.930426162099337830e+02 8.926238526439809107e+01 2.227104475727641197e-02 9.988579627776577041e-01 -4.111885555214483262e-02 -9.798493719380305458e-03

wobj1 =
-8.929010243184910678e+01 -2.930426162099337830e+02 8.926238526439809107e+01 2.227104475727641197e-02 9.988579627776577041e-01 -4.111885555214483262e-02 -9.798493719380305458e-03

wobj1 =
-8.929010243184910678e+01 -2.930426162099337830e+02 8.926238526439809107e+01 2.227104475727641197e-02 9.988579627776577041e-01 -4.111885555214483262e-02 -9.798493719380305458e-03

wobj1 =
-8.929010243184910678e+01 -2.930426162099337830e+02 8.926238526439809107e+01 2.227104475727641197e-02 9.988579627776577041e-01 -4.111885555214483262e-02 -9.798493719380305458e-03

wobj1 =
-8.929010243184910678e+01 -2.930426162099337830e+02 8.926238526439809107e+01 2.227104475727641197e-02 9.988579627776577041e-01 -4.111885555214483262e-02 -9.798493719380305458e-03

wobj1 =
-8.929010243184910678e+01 -2.930426162099337830e+02 8.926238526439809107e+01 2.227104475727641197e-02 9.988579627776577041e-01 -4.111885555214483262e-02 -9.798493719380305458e-03

wobj1 =
-8.929010243184910678e+01 -2.930426162099337830e+02 8.926238526439809107e+01 2.227104475727641197e-02 9.988579627776577041e-01 -4.111885555214483262e-02 -9.798493719380305458e-03

wobj1 =
-8.929010243184910678e+01 -2.930426162099337830e+02 8.926238526439809107e+01 2.227104475727641197e-02 9.988579627776577041e-01 -4.111885555214483262e-02 -9.798493719380305458e-03

wobj1 =
-8.929010243184910678e+01 -2.930426162099337830e+02 8.926238526439809107e+01 2.227104475727641197e-02 9.988579627776577041e-01 -4.111885555214483262e-02 -9.798493719380305458e-03

