wobj0 =
9.964264584778264044e-01 -8.170734719277190916e-02 -2.140612669439937582e-02 -8.929010243184910678e+01
-8.258023796148473983e-02 -9.956264805670025364e-01 -4.368541509461470324e-02 -2.930426162099337830e+02
-1.774308720492016878e-02 4.529702648611789312e-02 -9.988159801725012832e-01 1.926238526439809107e+01
0.000000000000000000e+00 0.000000000000000000e+00 0.000000000000000000e+00 1.000000000000000000e+00

wobj1 =
9.964264584778264044e-01 -8.170734719277190916e-02 -2.140612669439937582e-02 -8.929010243184910678e+01
-8.258023796148473983e-02 -9.956264805670025364e-01 -4.368541509461470324e-02 -2.930426162099337830e+02
-1.774308720492016878e-02 4.529702648611789312e-02 -9.988159801725012832e-01 8.926238526439809107e+01
0.000000000000000000e+00 0.000000000000000000e+00 0.000000000000000000e+00 1.000000000000000000e+00

