wobj1 =
-7.446925920822287992e+00 -2.689302985208412338e+02 7.272458490422518196e+01 7.526093630696847891e-02 9.966535962083367117e-01 2.200032671997475750e-02 2.309515653557376452e-02

wobj2 =
-3.449469270709125368e+01 -2.892205425970738020e+02 7.827864368120748395e+01 3.484304235863337675e-03 9.989129943332760719e-01 4.513293359790158943e-02 1.112239546893693982e-02

wobj3 =
-3.478574370038339936e+01 -2.843381499613409460e+02 9.480892052606971276e+01 -4.247567025928214272e-03 9.994841853897707962e-01 2.033838034106652190e-02 -2.448819338392254491e-02

wobj4 =
-5.695332562618825989e+01 -2.823295770548308496e+02 1.089877950312213812e+02 2.540470772825680415e-02 9.991394393501775717e-01 -3.242427785359069253e-02 4.862896865838565140e-03

wobj5 =
-3.089627001283840713e+01 -2.675371939517691544e+02 8.076905911258322135e+01 4.158613615823711362e-02 9.984806235115540884e-01 3.232884894124839203e-02 1.618280808577218094e-02

