wobj0 = [
    [-20.65, -119.09, 71.71, -26.45, 0.87, 68.9],
    [-45.61, -130.07, 107.05, -56.77, 3.77, 65.91],
    [-67.32, -101.16, 28.38, -4.57, -6.41, 80.41],
]

wobj2 = [
    [-22.5, -57.91, -81.38, 89.64, -0.08, 47.37],
    [-43.94, -50.71, -106.87, 110.03, -1.75, 39.63],
    [-68.73, -82.17, -19.51, 49.83, 4.3, 52.47],
]

wobj3 = [
    [-24.08, -81.91, -37.35, 92.9, 8.52, 19.95],
    [-43.24, -66.44, -81.91, 111.35, -10.28, 26.89],
    [-66.0, -102.21, 9.58, 67.32, 11.68, 29.0],
]

wobj4 = [
    [-23.46, -112.23, 23.2, 80.15, 16.96, 4.21],
    [-42.27, -111.26, 13.88, 91.31, -23.99, 2.19],
    [-69.52, -84.9, -22.67, 94.39, 41.13, 13.35],
]

